MATLAB>>1 1
4 5
0 INIT
0 0 0 0
PIL_BLOCK>>1 1
4 4
1 5 0 8 
MATLAB>>1 1
4 5
8
0 0 0 0 
PIL_BLOCK>>1 1
4 1
1 
MATLAB>>1 1
4 5
1
0 0 0 0
PIL_BLOCK>>1 1
4 10
1
1 0 0 0 0 0 0 0 0 
MATLAB>>1 1
4 5
2
0 0 0 0 
PIL_BLOCK>>1 1
4 1
1 
MATLAB>>1 1
4 25
3
0 0 0 0
1 0 0 0
0 0 0 0 0 0 f0 3f
0 0 0 0 0 0 0 0 
PIL_BLOCK>>1 1
4 10
1
1
0 0 0 0 0 0 f0 3f 
MATLAB>>1 1
4 25
3
0 0 0 0
1 0 0 0
0 0 0 0 0 0 f0 3f
0 0 0 0 0 0 f0 3f 
PIL_BLOCK>>1 1
4 10
1
1
0 0 0 0 0 0 0 40 
MATLAB>>1 1
4 25
3
0 0 0 0
1 0 0 0
0 0 0 0 0 0 0 40
0 0 0 0 0 0 f0 3f 
PIL_BLOCK>>1 1
4 10
1 1 0 0 0 0 0 0 8 40 
MATLAB>>1 1
4 25
3
0 0 0 0
1 0 0 0
0 0 0 0 0 0 8 40
0 0 0 0 0 0 0 40 
PIL_BLOCK>>1 1
4 10
1 1 0 0 0 0 0 0 14 40 
MATLAB>>1 1
4 25
3
0 0 0 0
1 0 0 0
0 0 0 0 0 0 14 40
0 0 0 0 0 0 8 40 
PIL_BLOCK>>1 1
4 10
1 1 0 0 0 0 0 0 20 40 
MATLAB>>1 1
4 25
3
0 0 0 0
1 0 0 0
0 0 0 0 0 0 20 40
0 0 0 0 0 0 14 40 
PIL_BLOCK>>1 1
4 10
1 1 0 0 0 0 0 0 2a 40 
MATLAB>>1 1
4 25
3
0 0 0 0
1 0 0 0
0 0 0 0 0 0 2a 40
0 0 0 0 0 0 20 40 
PIL_BLOCK>>1 1
4 10
1 1 0 0 0 0 0 0 35 40 
MATLAB>>1 1
4 25
3
0 0 0 0
1 0 0 0
0 0 0 0 0 0 35 40
0 0 0 0 0 0 2a 40 
PIL_BLOCK>>1 1
4 10
1 1 0 0 0 0 0 0 41 40 
MATLAB>>1 1
4 25
3
0 0 0 0
1 0 0 0
0 0 0 0 0 0 41 40
0 0 0 0 0 0 35 40 
PIL_BLOCK>>1 1
4 10
1 1 0 0 0 0 0 80 4b 40 
MATLAB>>1 1
4 25
3
0 0 0 0
1 0 0 0
0 0 0 0 0 80 4b 40
0 0 0 0 0 0 41 40 
PIL_BLOCK>>1 1
4 10
1 1 0 0 0 0 0 40 56 40 
MATLAB>>1 1
4 25
3
0 0 0 0
1 0 0 0
0 0 0 0 0 40 56 40
0 0 0 0 0 80 4b 40 
PIL_BLOCK>>1 1
4 10
1 1 0 0 0 0 0 0 62 40 
MATLAB>>1 1
4 25
3
0 0 0 0
1 0 0 0
0 0 0 0 0 0 62 40
0 0 0 0 0 40 56 40 
PIL_BLOCK>>1 1
4 10
1 1 0 0 0 0 0 20 6d 40 
MATLAB>>1 1
4 25
3
0 0 0 0
1 0 0 0
0 0 0 0 0 20 6d 40
0 0 0 0 0 0 62 40 
PIL_BLOCK>>1 1
4 10
1 1 0 0 0 0 0 90 77 40 
MATLAB>>1 1
4 25
3
0 0 0 0
1 0 0 0
0 0 0 0 0 90 77 40
0 0 0 0 0 20 6d 40 
PIL_BLOCK>>1 1
4 10
1 1 0 0 0 0 0 10 83 40 
MATLAB>>1 1
4 25
3
0 0 0 0
1 0 0 0
0 0 0 0 0 10 83 40
0 0 0 0 0 90 77 40 
PIL_BLOCK>>1 1
4 10
1 1 0 0 0 0 0 d8 8e 40 
MATLAB>>1 1
4 25
3
0 0 0 0
1 0 0 0
0 0 0 0 0 d8 8e 40
0 0 0 0 0 10 83 40 
PIL_BLOCK>>1 1
4 10
1 1 0 0 0 0 0 f4 98 40 
MATLAB>>1 1
4 25
3
0 0 0 0
1 0 0 0
0 0 0 0 0 f4 98 40
0 0 0 0 0 d8 8e 40 
PIL_BLOCK>>1 1
4 10
1 1 0 0 0 0 0 30 a4 40 
MATLAB>>1 1
4 25
3
0 0 0 0
1 0 0 0
0 0 0 0 0 30 a4 40
0 0 0 0 0 f4 98 40 
PIL_BLOCK>>1 1
4 10
1 1 0 0 0 0 0 55 b0 40 
MATLAB>>1 1
4 25
3
0 0 0 0
1 0 0 0
0 0 0 0 0 55 b0 40
0 0 0 0 0 30 a4 40 
PIL_BLOCK>>1 1
4 10
1 1 0 0 0 0 0 6d ba 40 
MATLAB>>1 1
4 25
3
0 0 0 0
1 0 0 0
0 0 0 0 0 6d ba 40
0 0 0 0 0 55 b0 40 
PIL_BLOCK>>1 1
4 10
1 1 0 0 0 0 0 61 c5 40 
MATLAB>>1 1
4 25
3
0 0 0 0
1 0 0 0
0 0 0 0 0 61 c5 40
0 0 0 0 0 6d ba 40 
PIL_BLOCK>>1 1
4 10
1 1 0 0 0 0 c0 4b d1 40 
MATLAB>>1 1
4 25
3
0 0 0 0
1 0 0 0
0 0 0 0 c0 4b d1 40
0 0 0 0 0 61 c5 40 
PIL_BLOCK>>1 1
4 10
1 1 0 0 0 0 40 fc db 40 
MATLAB>>1 1
4 25
3
0 0 0 0
1 0 0 0
0 0 0 0 40 fc db 40
0 0 0 0 c0 4b d1 40 
PIL_BLOCK>>1 1
4 10
1 1 0 0 0 0 0 a4 e6 40 
MATLAB>>1 1
4 25
3
0 0 0 0
1 0 0 0
0 0 0 0 0 a4 e6 40
0 0 0 0 40 fc db 40 
PIL_BLOCK>>1 1
4 10
1 1 0 0 0 0 10 51 f2 40 
MATLAB>>1 1
4 25
3
0 0 0 0
1 0 0 0
0 0 0 0 10 51 f2 40
0 0 0 0 0 a4 e6 40 
PIL_BLOCK>>1 1
4 10
1 1 0 0 0 0 10 a3 fd 40 
MATLAB>>1 1
4 25
3
0 0 0 0
1 0 0 0
0 0 0 0 10 a3 fd 40
0 0 0 0 10 51 f2 40 
PIL_BLOCK>>1 1
4 10
1 1 0 0 0 0 10 fa 7 41 
MATLAB>>1 1
4 25
3
0 0 0 0
1 0 0 0
0 0 0 0 10 fa 7 41
0 0 0 0 10 a3 fd 40 
PIL_BLOCK>>1 1
4 10
1 1 0 0 0 0 cc 65 13 41 
MATLAB>>1 1
4 25
3
0 0 0 0
1 0 0 0
0 0 0 0 cc 65 13 41
0 0 0 0 10 fa 7 41 
PIL_BLOCK>>1 1
4 10
1 1 0 0 0 0 d4 62 1f 41 
MATLAB>>1 1
4 25
3
0 0 0 0
1 0 0 0
0 0 0 0 d4 62 1f 41
0 0 0 0 cc 65 13 41 
PIL_BLOCK>>1 1
4 10
1 1 0 0 0 0 50 64 29 41 
MATLAB>>1 1
4 25
3
0 0 0 0
1 0 0 0
0 0 0 0 50 64 29 41
0 0 0 0 d4 62 1f 41 
PIL_BLOCK>>1 1
4 10
1 1 0 0 0 0 dd 8a 34 41 
MATLAB>>1 1
4 25
3
0 0 0 0
1 0 0 0
0 0 0 0 dd 8a 34 41
0 0 0 0 50 64 29 41 
PIL_BLOCK>>1 1
4 10
1 1 0 0 0 80 82 9e 40 41 
MATLAB>>1 1
4 25
3
0 0 0 0
1 0 0 0
0 0 0 80 82 9e 40 41
0 0 0 0 dd 8a 34 41 
PIL_BLOCK>>1 1
4 10
1 1 0 0 0 0 f1 e3 4a 41 
MATLAB>>1 1
4 25
3
0 0 0 0
1 0 0 0
0 0 0 0 f1 e3 4a 41
0 0 0 80 82 9e 40 41 
PIL_BLOCK>>1 1
4 10
1 1 0 0 0 c0 39 c1 55 41 
MATLAB>>1 1
4 25
3
0 0 0 0
1 0 0 0
0 0 0 c0 39 c1 55 41
0 0 0 0 f1 e3 4a 41 
PIL_BLOCK>>1 1
4 10
1 1 0 0 0 20 99 99 61 41 
MATLAB>>1 1
4 25
3
0 0 0 0
1 0 0 0
0 0 0 20 99 99 61 41
0 0 0 c0 39 c1 55 41 
PIL_BLOCK>>1 1
4 10
1 1 0 0 0 0 36 7a 6c 41 
MATLAB>>1 1
4 25
3
0 0 0 0
1 0 0 0
0 0 0 0 36 7a 6c 41
0 0 0 20 99 99 61 41 
PIL_BLOCK>>1 1
4 10
1 1 0 0 0 90 e7 9 77 41 
MATLAB>>1 1
4 25
3
0 0 0 0
1 0 0 0
0 0 0 90 e7 9 77 41
0 0 0 0 36 7a 6c 41 
PIL_BLOCK>>1 1
4 10
1 1 0 0 0 48 81 a3 82 41 
MATLAB>>1 1
4 25
3
0 0 0 0
1 0 0 0
0 0 0 48 81 a3 82 41
0 0 0 90 e7 9 77 41 
PIL_BLOCK>>1 1
4 10
1 1 0 0 0 10 75 28 8e 41 
MATLAB>>1 1
4 25
3
0 0 0 0
1 0 0 0
0 0 0 10 75 28 8e 41
0 0 0 48 81 a3 82 41 
PIL_BLOCK>>1 1
4 10
1 1 0 0 0 2c fb 65 98 41 
MATLAB>>1 1
4 25
3
0 0 0 0
1 0 0 0
0 0 0 2c fb 65 98 41
0 0 0 10 75 28 8e 41 
PIL_BLOCK>>1 1
4 10
1 1 0 0 0 da 1a bd a3 41 
MATLAB>>1 1
4 25
3
0 0 0 0
1 0 0 0
0 0 0 da 1a bd a3 41
0 0 0 2c fb 65 98 41 
PIL_BLOCK>>1 1
4 10
1 1 0 0 0 70 18 f0 af 41 
MATLAB>>1 1
4 25
3
0 0 0 0
1 0 0 0
0 0 0 70 18 f0 af 41
0 0 0 da 1a bd a3 41 
PIL_BLOCK>>1 1
4 10
1 1 0 0 0 a5 99 d6 b9 41 
MATLAB>>1 1
4 25
3
0 0 0 0
1 0 0 0
0 0 0 a5 99 d6 b9 41
0 0 0 70 18 f0 af 41 
PIL_BLOCK>>1 1
4 10
1 1 0 0 80 ee 52 e7 c4 41 
MATLAB>>1 1
4 25
3
0 0 0 0
1 0 0 0
0 0 80 ee 52 e7 c4 41
0 0 0 a5 99 d6 b9 41 
PIL_BLOCK>>1 1
4 10
1 1 0 0 80 e0 4f e9 d0 41 
MATLAB>>1 1
4 25
3
0 0 0 0
1 0 0 0
0 0 80 e0 4f e9 d0 41
0 0 80 ee 52 e7 c4 41 
PIL_BLOCK>>1 1
4 10
1 1 0 0 c0 57 f9 5c db 41 
MATLAB>>1 1
4 25
3
0 0 0 0
1 0 0 0
0 0 c0 57 f9 5c db 41
0 0 80 e0 4f e9 d0 41 
PIL_BLOCK>>1 1
4 10
1 1 0 0 20 9c 24 23 e6 41 
MATLAB>>1 1
4 25
3
0 0 0 0
1 0 0 0
0 0 20 9c 24 23 e6 41
0 0 c0 57 f9 5c db 41 
PIL_BLOCK>>1 1
4 10
1 1 0 0 0 a4 d0 e8 f1 41 
MATLAB>>1 1
4 25
3
0 0 0 0
1 0 0 0
0 0 0 a4 d0 e8 f1 41
0 0 20 9c 24 23 e6 41 
PIL_BLOCK>>1 1
4 10
1 1 0 0 10 f2 62 fa fc 41 
MATLAB>>1 1
4 25
3
0 0 0 0
1 0 0 0
0 0 10 f2 62 fa fc 41
0 0 0 a4 d0 e8 f1 41 
PIL_BLOCK>>1 1
4 10
1 1 0 0 8 cb 99 71 7 42 
MATLAB>>1 1
4 25
3
0 0 0 0
1 0 0 0
0 0 8 cb 99 71 7 42
0 0 10 f2 62 fa fc 41 
PIL_BLOCK>>1 1
4 10
1 1 0 0 8 a2 65 f7 12 42 
MATLAB>>1 1
4 25
3
0 0 0 0
1 0 0 0
0 0 8 a2 65 f7 12 42
0 0 8 cb 99 71 7 42 
PIL_BLOCK>>1 1
4 10
1 1 0 0 8c 87 32 b0 1e 42 
MATLAB>>1 1
4 5
4
0 0 0 0 
PIL_BLOCK>>1 1
4 1
1 
