0
1
2
3
4
5
6
7
8
9
10
111
112
13
14
15
16
17
118
119
220
221
222
323
424
425
26
27
28
129
130
231
332
333
434
435
536
637
738
39
40
141
142
243
344
445
446
547
648
749
750
851
52
53
154
255
356
357
458
559
660
761
762
863
964
65
66
167
268
369
470
571
572
673
774
875
976
1077
78
79
180
281
382
483
584
685
786
787
888
989
1090
91
92
193
294
395
496
597
698
799
900
1001
1102
1103
104
105
206
307
408
509
610
711
812
913
1014
1115
1216
117
118
219
320
421
522
623
724
825
926
1027
1128
1229
130
131
232
333
434
535
636
737
838
939
1040
1141
1242
143
144
245
346
447
548
649
750
851
952
1053
1154
1255
156
157
258
359
460
561
662
763
864
965
1066
1167
1268
169
170
271
372
473
574
675
776
877
978
1079
1180
1281
182
183
284
385
486
587
688
789
890
991
1092
1193
1294
195
196
297
398
499
600
701
802
903
1004
1105
1206
1307
208
209
310
411
512
613
714
815
916
1017
1118
1219
1320
221
222
323
424
525
626
727
828
929
1030
1131
1232
1333
234
235
336
437
538
639
740
841
942
1043
1144
1245
1346
247
248
349
450
551
652
753
854
955
1056
1157
1258
1359
260
261
362
463
564
665
766
867
968
1069
1170
1271
1372
273
274
375
476
577
678
779
880
981
1082
1183
1284
1385
286
287
388
489
590
691
792
893
994
1095
1196
1297
1398
299
300
401
502
603
704
805
906
1007
1108
1209
1310
1411
312
313
414
515
616
717
818
919
1020
1121
1222
1323
1424
325
326
427
528
629
730
831
932
1033
1134
1235
1336
1437
338
339
440
541
642
743
844
945
1046
1147
1248
1349
1450
351
352
453
554
655
756
857
958
1059
1160
1261
1362
1463
364
365
466
567
668
769
870
971
1072
1173
1274
1375
1476
377
378
479
580
681
782
883
984
1085
1186
1287
1388
1489
390
391
492
593
694
795
896
997
1098
1199
1300
1401
1502
403
404
505
606
707
808
909
1010
1111
1212
1313
1414
1515
416
417
518
619
720
821
922
1023
1124
1225
1326
1427
1528
429
430
531
632
733
834
935
1036
1137
1238
1339
1440
1541
442
443
544
645
746
847
948
1049
1150
1251
1352
1453
1554
455
456
557
658
759
860
961
1062
1163
1264
1365
1466
1567
468
469
570
671
772
873
974
1075
1176
1277
1378
1479
1580
481
482
583
684
785
886
987
1088
1189
1290
1391
1492
1593
494
495
596
697
798
899
1000
1101
1202
1303
1404
1505
1606
507
508
609
710
811
912
1013
1114
1215
1316
1417
1518
1619
520
521
622
723
824
925
1026
1127
1228
1329
1430
1531
1632
533
534
635
736
837
938
1039
1140
1241
1342
1443
1544
1645
546
547
648
749
850
951
1052
1153
1254
1355
1456
1557
1658
559
560
661
762
863
964
1065
1166
1267
1368
1469
1570
1671
572
573
674
775
876
977
1078
1179
1280
1381
1482
1583
1684
585
586
687
788
889
990
1091
1192
1293
1394
1495
1596
1697
598
599
700
801
902
1003
1104
1205
1306
1407
1508
1609
1710
611
612
713
814
915
1016
1117
1218
1319
1420
1521
1622
1723
624
625
726
827
928
1029
1130
1231
1332
1433
1534
1635
1736
637
638
739
840
941
1042
1143
1244
1345
1446
1547
1648
1749
650
651
752
853
954
1055
1156
1257
1358
1459
1560
1661
1762
663
664
765
866
967
1068
1169
1270
1371
1472
1573
1674
1775
676
677
778
879
980
1081
1182
1283
1384
1485
1586
1687
1788
689
690
791
892
993
1094
1195
1296
1397
1498
1599
1700
1801
702
703
804
905
1006
1107
1208
1309
1410
1511
1612
1713
1814
715
716
817
918
1019
1120
1221
1322
1423
1524
1625
1726
1827
728
729
830
931
1032
1133
1234
1335
1436
1537
1638
1739
1840
741
742
843
944
1045
1146
1247
1348
1449
1550
1651
1752
1853
754
755
856
957
1058
1159
1260
1361
1462
1563
1664
1765
1866
767
768
869
970
1071
1172
1273
1374
1475
1576
1677
1778
1879
780
781
882
983
1084
1185
1286
1387
1488
1589
1690
1791
1892
793
794
895
996
1097
1198
1299
1400
1501
1602
1703
1804
1905
806
807
908
1009
1110
1211
1312
1413
1514
1615
1716
1817
1918
819
820
921
1022
1123
1224
1325
1426
1527
1628
1729
1830
1931
832
833
934
1035
1136
1237
1338
1439
1540
1641
1742
1843
1944
845
846
947
1048
1149
1250
1351
1452
1553
1654
1755
1856
1957
858
859
960
1061
1162
1263
1364
1465
1566
1667
1768
1869
1970
871
872
973
1074
1175
1276
1377
1478
1579
1680
1781
1882
1983
884
885
986
1087
1188
1289
1390
1491
1592
1693
1794
1895
1996
897
898
999
1100
1201
1302
1403
1504
1605
1706
1807
1908
2009
910
911
1012
1113
1214
1315
1416
1517
1618
1719
1820
1921
2022
923
924
1025
1126
1227
1328
1429
1530
1631
1732
1833
1934
2035
936
937
1038
1139
1240
1341
1442
1543
1644
1745
1846
1947
2048
949
950
1051
1152
1253
1354
1455
1556
1657
1758
1859
1960
2061
962
963
1064
1165
1266
1367
1468
1569
1670
1771
1872
1973
2074
975
976
1077
1178
1279
1380
1481
1582
1683
1784
1885
1986
2087
988
989
1090
1191
1292
1393
1494
1595
1696
1797
1898
1999

0
1
2
3
4
5
6
7
8
9
10
13
14
15
16
17
26
27
28
39
40
52
53
65
66
78
79
91
92
104
105
111
112
117
118
118
119
129
130
130
131
141
142
143
144
154
156
157
167
169
170
180
182
183
193
195
196
206
208
209
219
220
221
221
222
222
231
232
234
235
243
245
247
248
255
258
260
261
268
271
273
274
281
284
286
287
294
297
299
300
307
310
312
313
320
323
323
325
326
332
333
333
336
338
339
344
346
349
351
352
356
357
359
362
364
365
369
372
375
377
378
382
385
388
390
391
395
398
401
403
404
408
411
414
416
417
421
424
424
425
427
429
430
434
434
435
437
440
442
443
445
446
447
450
453
455
456
458
460
463
466
468
469
470
473
476
479
481
482
483
486
489
492
494
495
496
499
502
505
507
508
509
512
515
518
520
521
522
525
528
531
533
534
535
536
538
541
544
546
547
547
548
551
554
557
559
559
560
561
564
567
570
571
572
572
573
574
577
580
583
584
585
586
587
590
593
596
597
598
599
600
603
606
609
610
611
612
613
616
619
622
623
624
625
626
629
632
635
636
637
637
638
639
642
645
648
648
649
650
651
652
655
658
660
661
662
663
664
665
668
671
673
674
675
676
677
678
681
684
685
687
688
689
690
691
694
697
698
700
701
702
703
704
707
710
711
713
714
715
716
717
720
723
724
726
727
728
729
730
733
736
737
738
739
740
741
742
743
746
749
749
750
750
752
753
754
755
756
759
761
762
762
763
765
766
767
768
769
772
774
775
776
778
779
780
781
782
785
786
787
788
789
791
792
793
794
795
798
799
801
802
804
805
806
807
808
811
812
814
815
817
818
819
820
821
824
825
827
828
830
831
832
833
834
837
838
840
841
843
844
845
846
847
850
851
851
853
854
856
857
858
859
860
863
863
864
866
867
869
870
871
872
873
875
876
877
879
880
882
883
884
885
886
888
889
890
892
893
895
896
897
898
899
900
902
903
905
906
908
909
910
911
912
913
915
916
918
919
921
922
923
924
925
926
928
929
931
932
934
935
936
937
938
939
941
942
944
945
947
948
949
950
951
952
954
955
957
958
960
961
962
963
964
964
965
967
968
970
971
973
974
975
976
976
977
978
980
981
983
984
986
987
988
989
989
990
991
993
994
996
997
999
1000
1001
1003
1004
1006
1007
1009
1010
1012
1013
1014
1016
1017
1019
1020
1022
1023
1025
1026
1027
1029
1030
1032
1033
1035
1036
1038
1039
1040
1042
1043
1045
1046
1048
1049
1051
1052
1053
1055
1056
1058
1059
1061
1062
1064
1065
1066
1068
1069
1071
1072
1074
1075
1077
1077
1078
1079
1081
1082
1084
1085
1087
1088
1090
1090
1091
1092
1094
1095
1097
1098
1100
1101
1102
1103
1104
1105
1107
1108
1110
1111
1113
1114
1115
1117
1118
1120
1121
1123
1124
1126
1127
1128
1130
1131
1133
1134
1136
1137
1139
1140
1141
1143
1144
1146
1147
1149
1150
1152
1153
1154
1156
1157
1159
1160
1162
1163
1165
1166
1167
1169
1170
1172
1173
1175
1176
1178
1179
1180
1182
1183
1185
1186
1188
1189
1191
1192
1193
1195
1196
1198
1199
1201
1202
1205
1206
1208
1209
1211
1212
1214
1215
1216
1218
1219
1221
1222
1224
1225
1227
1228
1229
1231
1232
1234
1235
1237
1238
1240
1241
1242
1244
1245
1247
1248
1250
1251
1253
1254
1255
1257
1258
1260
1261
1263
1264
1266
1267
1268
1270
1271
1273
1274
1276
1277
1279
1280
1281
1283
1284
1286
1287
1289
1290
1292
1293
1294
1296
1297
1299
1300
1302
1303
1306
1307
1309
1310
1312
1313
1315
1316
1319
1320
1322
1323
1325
1326
1328
1329
1332
1333
1335
1336
1338
1339
1341
1342
1345
1346
1348
1349
1351
1352
1354
1355
1358
1359
1361
1362
1364
1365
1367
1368
1371
1372
1374
1375
1377
1378
1380
1381
1384
1385
1387
1388
1390
1391
1393
1394
1397
1398
1400
1401
1403
1404
1407
1410
1411
1413
1414
1416
1417
1420
1423
1424
1426
1427
1429
1430
1433
1436
1437
1439
1440
1442
1443
1446
1449
1450
1452
1453
1455
1456
1459
1462
1463
1465
1466
1468
1469
1472
1475
1476
1478
1479
1481
1482
1485
1488
1489
1491
1492
1494
1495
1498
1501
1502
1504
1505
1508
1511
1514
1515
1517
1518
1521
1524
1527
1528
1530
1531
1534
1537
1540
1541
1543
1544
1547
1550
1553
1554
1556
1557
1560
1563
1566
1567
1569
1570
1573
1576
1579
1580
1582
1583
1586
1589
1592
1593
1595
1596
1599
1602
1605
1606
1609
1612
1615
1618
1619
1622
1625
1628
1631
1632
1635
1638
1641
1644
1645
1648
1651
1654
1657
1658
1661
1664
1667
1670
1671
1674
1677
1680
1683
1684
1687
1690
1693
1696
1697
1700
1703
1706
1710
1713
1716
1719
1723
1726
1729
1732
1736
1739
1742
1745
1749
1752
1755
1758
1762
1765
1768
1771
1775
1778
1781
1784
1788
1791
1794
1797
1801
1804
1807
1814
1817
1820
1827
1830
1833
1840
1843
1846
1853
1856
1859
1866
1869
1872
1879
1882
1885
1892
1895
1898
1905
1908
1918
1921
1931
1934
1944
1947
1957
1960
1970
1973
1983
1986
1996
1999
2009
2022
2035
2048
2061
2074
2087
